   111 -0.106600 0.046400 -0.060400 -0.030161 0.008956 -0.999505 -0.192234 -0.981345 -0.003064 -0.980886 0.192046 0.031319 1.002568
   112 -0.106600 0.046400 -0.060400 -0.192237 -0.981343 -0.003176 0.030139 -0.009065 0.999505 -0.980886 0.192046 0.031319 -0.001472
   113 -0.106600 0.046400 -0.060400 -0.030139 0.009065 -0.999505 -0.192237 -0.981343 -0.003176 -0.980886 0.192046 0.031319 -0.000608
   121 -0.102000 0.063100 -0.025600 -0.006081 0.006510 -0.999960 -0.263186 -0.964734 -0.004689 -0.964726 0.263147 0.007580 1.005016
   122 -0.102000 0.063100 -0.025600 -0.006039 0.006665 -0.999960 -0.263187 -0.964733 -0.004850 -0.964726 0.263147 0.007580 -0.000922
   123 -0.102000 0.063100 -0.025600 -0.263187 -0.964733 -0.004850 0.006039 -0.006665 0.999960 -0.964726 0.263147 0.007580 -0.001639
   131 -0.108500 0.030200 -0.026600 0.001240 0.002503 -0.999996 -0.091305 -0.995820 -0.002568 -0.995822 0.091307 -0.001006 0.998641
   132 -0.108500 0.030200 -0.026600 0.001233 0.002428 -0.999996 -0.091305 -0.995820 -0.002493 -0.995822 0.091307 -0.001006 -0.001732
   133 -0.108500 0.030200 -0.026600 -0.091305 -0.995820 -0.002493 -0.001233 -0.002428 0.999996 -0.995822 0.091307 -0.001006 -0.003591
   141 -0.109900 0.013100 -0.062700 -0.054233 0.003219 -0.998523 -0.036123 -0.999347 -0.001321 -0.997875 0.035998 0.054314 0.999061
   142 -0.109900 0.013100 -0.062700 -0.036111 -0.999347 -0.001102 0.054241 -0.003000 0.998523 -0.997875 0.035998 0.054314 -0.003115
   143 -0.109900 0.013100 -0.062700 -0.054241 0.003000 -0.998523 -0.036111 -0.999347 -0.001102 -0.997875 0.035998 0.054314 -0.000902
   211 -0.107400 0.032900 0.008000 -0.059803 0.008561 -0.998173 -0.093690 -0.995597 -0.002959 -0.993804 0.093342 0.060342 1.000963
   212 -0.107400 0.032900 0.008000 -0.093689 -0.995597 -0.002941 0.059805 -0.008543 0.998174 -0.993804 0.093342 0.060342 -0.002441
   213 -0.107400 0.032900 0.008000 -0.059805 0.008543 -0.998174 -0.093689 -0.995597 -0.002941 -0.993804 0.093342 0.060342 -0.000515
   221 -0.098900 0.040300 0.041300 -0.340030 0.059367 -0.938539 -0.162137 -0.986762 -0.003662 -0.926332 0.150926 0.345154 1.004019
   222 -0.098900 0.040300 0.041300 -0.340043 0.059286 -0.938539 -0.162109 -0.986766 -0.003585 -0.926332 0.150926 0.345154 -0.003466
   223 -0.098900 0.040300 0.041300 -0.162109 -0.986766 -0.003585 0.340043 -0.059286 0.938539 -0.926332 0.150926 0.345154 -0.001560
   231 -0.101100 0.004400 0.040800 -0.340723 0.009332 -0.940117 0.042853 -0.998757 -0.025437 -0.939187 -0.048954 0.339900 1.003046
   232 -0.101100 0.004400 0.040800 -0.340720 0.009263 -0.940119 0.042876 -0.998758 -0.025372 -0.939187 -0.048954 0.339900 -0.003992
   233 -0.101100 0.004400 0.040800 0.042876 -0.998758 -0.025372 0.340720 -0.009263 0.940119 -0.939187 -0.048954 0.339900 -0.002982
   241 -0.108300 -0.001100 0.007100 -0.063476 -0.010003 -0.997933 0.085073 -0.996364 0.004615 -0.994351 -0.084604 0.064097 0.999027
   242 -0.108300 -0.001100 0.007100 0.085078 -0.996363 0.004695 0.063470 0.010083 0.997933 -0.994351 -0.084604 0.064097 -0.001505
   243 -0.108300 -0.001100 0.007100 -0.063470 -0.010083 -0.997933 0.085078 -0.996363 0.004695 -0.994351 -0.084604 0.064097 -0.000243
   311 -0.086100 0.098800 0.009000 -0.040933 0.121364 -0.991764 -0.485385 -0.870016 -0.086445 -0.873342 0.477849 0.094520 1.001634
   312 -0.086100 0.098800 0.009000 -0.485384 -0.870020 -0.086413 0.040948 -0.121336 0.991767 -0.873342 0.477849 0.094520 -0.002358
   313 -0.086100 0.098800 0.009000 -0.040948 0.121336 -0.991767 -0.485384 -0.870020 -0.086413 -0.873342 0.477849 0.094520 0.000281
   321 -0.088700 0.075700 0.041200 -0.347789 0.117435 -0.930189 -0.366962 -0.930025 0.019790 -0.862775 0.348226 0.366547 1.004053
   322 -0.088700 0.075700 0.041200 -0.347818 0.117363 -0.930188 -0.366935 -0.930034 0.019863 -0.862775 0.348227 0.366547 -0.005823
   323 -0.088700 0.075700 0.041200 -0.366935 -0.930034 0.019863 0.347818 -0.117363 0.930188 -0.862775 0.348227 0.366547 -0.003650
   331 -0.070200 0.075800 0.070700 -0.587811 0.225943 -0.776806 -0.387894 -0.921352 0.025482 -0.709954 0.316298 0.629223 1.007159
   332 -0.070200 0.075800 0.070700 -0.388087 -0.921266 0.025628 0.587864 -0.225988 0.776753 -0.709804 0.316514 0.629282 -0.001561
   333 -0.070200 0.075800 0.070700 -0.587864 0.225988 -0.776753 -0.388087 -0.921266 0.025628 -0.709804 0.316514 0.629282 -0.002337
   341 -0.100300 0.065900 0.008100 -0.070415 0.026129 -0.997175 -0.284232 -0.958742 -0.005059 -0.956167 0.283073 0.074936 1.000965
   342 -0.100300 0.065900 0.008100 -0.284228 -0.958744 -0.005010 0.070430 -0.026082 0.997176 -0.956167 0.283073 0.074936 -0.002414
   343 -0.100300 0.065900 0.008100 -0.070430 0.026082 -0.997176 -0.284228 -0.958744 -0.005010 -0.956167 0.283073 0.074936 -0.000201
   411 -0.080800 0.041300 0.072000 -0.634470 0.047714 -0.771473 -0.135180 -0.989561 0.049952 -0.761036 0.135981 0.634298 1.006581
   412 -0.080800 0.041300 0.072000 -0.135126 -0.989565 0.050018 0.634482 -0.047629 0.771469 -0.761036 0.135981 0.634297 -0.003346
   413 -0.080800 0.041300 0.072000 -0.634482 0.047629 -0.771469 -0.135126 -0.989565 0.050018 -0.761036 0.135981 0.634297 0.000375
   421 -0.052600 0.040600 0.095200 -0.874682 -0.019797 -0.484293 -0.055586 -0.988481 0.140769 -0.481501 0.150048 0.863506 1.001854
   422 -0.052600 0.040600 0.095200 -0.874682 -0.019788 -0.484294 -0.055594 -0.988481 0.140765 -0.481501 0.150048 0.863506 -0.001545
   423 -0.052600 0.040600 0.095200 -0.055594 -0.988481 0.140765 0.874682 0.019788 0.484294 -0.481501 0.150048 0.863506 -0.000704
   431 -0.053700 0.005900 0.096900 -0.869996 -0.017762 -0.492738 0.028412 -0.999494 -0.014301 -0.492235 -0.026441 0.870061 0.998230
   432 -0.053700 0.005900 0.096900 -0.869996 -0.017781 -0.492738 0.028429 -0.999494 -0.014291 -0.492235 -0.026441 0.870060 -0.004940
   433 -0.053700 0.005900 0.096900 0.028429 -0.999494 -0.014291 0.869996 0.017781 0.492738 -0.492235 -0.026441 0.870060 -0.001220
   441 -0.082900 0.006200 0.072800 -0.640892 0.002696 -0.767626 0.044257 -0.998202 -0.040418 -0.766355 -0.059877 0.639620 1.005133
   442 -0.082900 0.006200 0.072800 0.044320 -0.998203 -0.040343 0.640888 -0.002598 0.767630 -0.766355 -0.059877 0.639620 -0.005210
   443 -0.082900 0.006200 0.072800 -0.640888 0.002598 -0.767630 0.044320 -0.998203 -0.040343 -0.766355 -0.059877 0.639620 -0.001685
   511 -0.063700 0.125400 0.013600 0.010316 0.228225 -0.973554 -0.789362 -0.595807 -0.148055 -0.613840 0.770014 0.174006 0.998707
   512 -0.063700 0.125400 0.013600 -0.789362 -0.595809 -0.148047 -0.010309 -0.228220 0.973555 -0.613840 0.770014 0.174006 -0.005838
   513 -0.063700 0.125400 0.013600 0.010309 0.228220 -0.973555 -0.789362 -0.595809 -0.148047 -0.613840 0.770014 0.174006 -0.003681
   521 -0.033200 0.139700 0.017400 0.007099 0.229963 -0.973174 -0.956110 -0.283522 -0.073956 -0.292924 0.930985 0.217857 0.993991
   522 -0.033200 0.139700 0.017400 -0.956110 -0.283526 -0.073942 -0.007085 -0.229959 0.973175 -0.292924 0.930985 0.217857 -0.010106
   523 -0.033200 0.139700 0.017400 0.007085 0.229959 -0.973175 -0.956110 -0.283526 -0.073942 -0.292924 0.930985 0.217857 -0.003202
   531 -0.033700 0.127400 0.048500 -0.052261 0.469938 -0.881151 -0.960355 -0.265589 -0.084734 -0.273844 0.841790 0.465188 0.997088
   532 -0.033700 0.127400 0.048500 -0.052252 0.469941 -0.881150 -0.960356 -0.265585 -0.084742 -0.273844 0.841790 0.465188 -0.005739
   533 -0.033700 0.127400 0.048500 -0.960356 -0.265585 -0.084742 0.052252 -0.469941 0.881150 -0.273844 0.841790 0.465188 0.001336
   541 -0.067200 0.108900 0.044300 -0.173938 0.380270 -0.908372 -0.708927 -0.688604 -0.152469 -0.683488 0.617450 0.389358 1.001569
   542 -0.067200 0.108900 0.044300 -0.173931 0.380277 -0.908371 -0.708929 -0.688600 -0.152479 -0.683488 0.617449 0.389358 -0.005820
   543 -0.067200 0.108900 0.044300 -0.708929 -0.688600 -0.152479 0.173931 -0.380277 0.908371 -0.683488 0.617449 0.389358 -0.001680
   611 -0.035800 0.104800 0.075000 -0.008632 0.768998 -0.639192 -0.955155 -0.195523 -0.222372 -0.295981 0.608608 0.736201 1.004014
   612 -0.035800 0.104800 0.075000 -0.955028 -0.195775 -0.222698 0.008554 -0.768868 0.639351 -0.296394 0.608693 0.735964 -0.002233
   613 -0.035800 0.104800 0.075000 -0.008554 0.768868 -0.639351 -0.955028 -0.195775 -0.222698 -0.296394 0.608693 0.735964 -0.002278
   621 0.000100 0.077500 0.096700 0.000099 0.915900 -0.401405 -0.999999 0.000642 0.001001 0.001174 0.401405 0.915900 1.001197
   622 0.000100 0.077500 0.096700 0.000196 0.915971 -0.401245 -0.999999 0.000849 0.001230 0.001467 0.401245 0.915970 0.000462
   623 0.000100 0.077500 0.096700 -0.999999 0.000849 0.001230 -0.000196 -0.915971 0.401245 0.001467 0.401245 0.915970 0.000965
   631 -0.018400 0.044000 0.106300 0.007405 0.982521 -0.186002 -0.991311 -0.017124 -0.130421 -0.131326 0.185352 0.973858 0.995173
   632 -0.018400 0.044000 0.106300 -0.991310 -0.016981 -0.130448 -0.007549 -0.982524 0.185983 -0.131326 0.185352 0.973857 -0.004962
   633 -0.018400 0.044000 0.106300 0.007549 0.982524 -0.185983 -0.991310 -0.016981 -0.130448 -0.131326 0.185352 0.973857 -0.001457
   641 -0.036800 0.075300 0.092200 -0.025132 0.896385 -0.442562 -0.950972 -0.157918 -0.265923 -0.308258 0.414181 0.856406 1.001538
   642 -0.036800 0.075300 0.092200 -0.025099 0.896473 -0.442387 -0.950857 -0.157993 -0.266288 -0.308614 0.413963 0.856383 0.000459
   643 -0.036800 0.075300 0.092200 -0.950857 -0.157993 -0.266288 0.025099 -0.896473 0.442387 -0.308614 0.413963 0.856383 0.001411
   711 -0.018500 0.010500 0.109600 -0.989454 -0.011974 -0.144356 0.013238 -0.999880 -0.008049 -0.144242 -0.009875 0.989493 0.989818
   712 -0.018500 0.010500 0.109600 0.013219 -0.999880 -0.008052 0.989454 0.011955 0.144355 -0.144242 -0.009875 0.989493 0.000745
   713 -0.018500 0.010500 0.109600 -0.989454 -0.011955 -0.144355 0.013219 -0.999880 -0.008052 -0.144242 -0.009875 0.989493 -0.001617
   721 0.018600 0.010500 0.109600 0.988143 -0.007269 -0.153367 0.001634 0.999323 -0.036757 0.153530 0.036071 0.987485 0.988012
   722 0.018600 0.010500 0.109600 0.001718 0.999322 -0.036770 -0.988142 0.007353 0.153364 0.153530 0.036071 0.987485 -0.002649
   723 0.018600 0.010500 0.109600 0.988142 -0.007353 -0.153364 0.001718 0.999322 -0.036770 0.153530 0.036071 0.987485 0.000292
   731 0.018600 -0.023300 0.105900 -0.036443 -0.970482 -0.238406 0.987178 0.002123 -0.159607 0.155402 -0.241166 0.957961 0.986393
   732 0.018600 -0.023300 0.105900 0.987164 0.002100 -0.159694 0.036600 0.970305 0.239101 0.155455 -0.241877 0.957773 -0.002623
   733 0.018600 -0.023300 0.105900 -0.036600 -0.970305 -0.239101 0.987164 0.002100 -0.159694 0.155455 -0.241877 0.957773 -0.000872
   741 -0.018500 -0.023700 0.105800 0.038999 -0.970554 -0.237708 0.992624 0.010219 0.120805 -0.114819 -0.240666 0.963793 0.989854
   742 -0.018500 -0.023700 0.105800 0.992623 0.010243 0.120811 -0.039023 0.970553 0.237705 -0.114819 -0.240666 0.963793 -0.001851
   743 -0.018500 -0.023700 0.105800 0.039023 -0.970553 -0.237705 0.992623 0.010243 0.120811 -0.114819 -0.240666 0.963793 -0.001461
   811 0.000100 0.144500 0.018700 -0.000339 0.258503 -0.966010 -0.999914 -0.012734 -0.003020 -0.013082 0.965926 0.258486 0.994917
   812 0.000100 0.144500 0.018700 -0.999914 -0.012748 -0.002971 0.000390 -0.258503 0.966011 -0.013082 0.965926 0.258486 -0.006868
   813 0.000100 0.144500 0.018700 -0.000390 0.258503 -0.966011 -0.999914 -0.012748 -0.002971 -0.013082 0.965926 0.258486 -0.002184
   821 0.000100 0.131600 0.050000 0.000694 0.498196 -0.867064 -0.999998 -0.001276 -0.001445 -0.001826 0.867064 0.498194 0.998428
   822 0.000100 0.131600 0.050000 0.000701 0.498196 -0.867064 -0.999998 -0.001273 -0.001450 -0.001826 0.867064 0.498194 -0.006925
   823 0.000100 0.131600 0.050000 -0.999998 -0.001273 -0.001450 -0.000701 -0.498196 0.867064 -0.001826 0.867064 0.498194 -0.000410
   911 0.033100 0.139700 0.017300 -0.001981 0.248083 -0.968737 -0.964403 0.255686 0.067466 0.264430 0.934386 0.238745 0.997442
   912 0.033100 0.139700 0.017300 -0.964403 0.255673 0.067517 0.002031 -0.248096 0.968733 0.264430 0.934386 0.238745 -0.004524
   913 0.033100 0.139700 0.017300 -0.002031 0.248096 -0.968733 -0.964403 0.255673 0.067517 0.264430 0.934386 0.238745 -0.002239
   921 0.063800 0.125300 0.013500 -0.014503 0.227496 -0.973671 -0.788114 0.596665 0.151215 0.615356 0.769558 0.170639 1.001919
   922 0.063800 0.125300 0.013500 -0.788116 0.596682 0.151145 0.014446 -0.227453 0.973682 0.615356 0.769558 0.170639 -0.005887
   923 0.063800 0.125300 0.013500 -0.014446 0.227453 -0.973682 -0.788116 0.596682 0.151145 0.615356 0.769558 0.170639 -0.004187
   931 0.067100 0.108800 0.044400 0.176723 0.378681 -0.908499 -0.701589 0.695843 0.153543 0.690317 0.610258 0.388650 0.998392
   932 0.067100 0.108800 0.044400 0.176780 0.378625 -0.908511 -0.701574 0.695874 0.153469 0.690317 0.610257 0.388650 -0.005318
   933 0.067100 0.108800 0.044400 -0.701574 0.695874 0.153469 -0.176780 -0.378625 0.908511 0.690317 0.610257 0.388650 0.000672
   941 0.033800 0.127300 0.048600 0.056924 0.473311 -0.879054 -0.962646 0.259460 0.077412 0.264720 0.841811 0.470401 1.001226
   942 0.033800 0.127300 0.048600 0.056992 0.473293 -0.879060 -0.962642 0.259494 0.077350 0.264720 0.841811 0.470401 -0.004333
   943 0.033800 0.127300 0.048600 -0.962642 0.259494 0.077350 -0.056992 -0.473293 0.879060 0.264720 0.841811 0.470401 0.000729
  1011 0.000100 0.109300 0.077100 0.000890 0.757801 -0.652486 -0.999663 -0.016299 -0.020208 -0.025949 0.652284 0.757530 1.003648
  1012 0.000100 0.109300 0.077100 -0.999659 -0.016352 -0.020371 -0.000958 -0.757746 0.652549 -0.026107 0.652346 0.757471 -0.002126
  1013 0.000100 0.109300 0.077100 0.000958 0.757746 -0.652549 -0.999659 -0.016352 -0.020371 -0.026107 0.652346 0.757471 -0.003037
  1021 0.035800 0.104800 0.075000 0.004645 0.763401 -0.645908 -0.962314 0.179059 0.204668 0.271900 0.620616 0.735463 1.006241
  1022 0.035800 0.104800 0.075000 -0.962314 0.179096 0.204636 -0.004693 -0.763392 0.645918 0.271900 0.620616 0.735464 -0.008257
  1023 0.035800 0.104800 0.075000 0.004693 0.763392 -0.645918 -0.962314 0.179096 0.204636 0.271900 0.620616 0.735464 -0.003840
  1031 0.036800 0.075200 0.092300 0.029249 0.896174 -0.442738 -0.951703 0.160379 0.261799 0.305622 0.413698 0.857583 1.003106
  1032 0.036800 0.075200 0.092300 0.029296 0.896166 -0.442751 -0.951702 0.160423 0.261777 0.305623 0.413698 0.857583 -0.000898
  1033 0.036800 0.075200 0.092300 -0.951702 0.160423 0.261777 -0.029296 -0.896166 0.442751 0.305623 0.413698 0.857583 0.000433
  1041 0.018400 0.044200 0.106200 -0.014320 0.978751 -0.204554 -0.992432 0.011042 0.122295 0.121955 0.204757 0.971186 0.995286
  1042 0.018400 0.044200 0.106200 -0.992434 0.011126 0.122277 0.014234 -0.978750 0.204564 0.121955 0.204757 0.971186 -0.006944
  1043 0.018400 0.044200 0.106200 -0.014234 0.978750 -0.204564 -0.992434 0.011126 0.122277 0.121955 0.204757 0.971186 -0.001541
  1111 0.052500 0.040600 0.095300 0.874595 -0.017902 -0.484523 -0.056109 0.988863 -0.137846 0.481594 0.147745 0.863851 1.000263
  1112 0.052500 0.040600 0.095300 0.874599 -0.017964 -0.484515 -0.056054 0.988862 -0.137876 0.481594 0.147745 0.863851 -0.002072
  1113 0.052500 0.040600 0.095300 -0.056054 0.988862 -0.137876 -0.874599 0.017964 0.484515 0.481594 0.147745 0.863851 -0.000638
  1121 0.080900 0.041300 0.072100 0.636410 0.050342 -0.769706 -0.171434 0.982141 -0.077521 0.752057 0.181290 0.633675 1.005420
  1122 0.080900 0.041300 0.072100 -0.171911 0.982020 -0.077991 -0.636629 -0.050341 0.769525 0.751763 0.181941 0.633837 -0.004894
  1123 0.080900 0.041300 0.072100 0.636629 0.050341 -0.769525 -0.171911 0.982020 -0.077991 0.751763 0.181941 0.633837 0.001719
  1131 0.082800 0.006100 0.072800 0.636662 0.000774 -0.771142 0.009397 0.999917 0.008799 0.771085 -0.012849 0.636602 1.003133
  1132 0.082800 0.006100 0.072800 0.009407 0.999917 0.008786 -0.636662 -0.000757 0.771142 0.771085 -0.012849 0.636602 -0.006626
  1133 0.082800 0.006100 0.072800 0.636662 0.000757 -0.771142 0.009407 0.999917 0.008786 0.771085 -0.012849 0.636602 0.001502
  1141 0.053500 0.006200 0.097000 0.869023 -0.018143 -0.494439 0.029123 0.999470 0.014517 0.493914 -0.027015 0.869091 0.996246
  1142 0.053500 0.006200 0.097000 0.869022 -0.018177 -0.494440 0.029152 0.999470 0.014500 0.493914 -0.027015 0.869091 0.000023
  1143 0.053500 0.006200 0.097000 0.029152 0.999470 0.014500 -0.869022 0.018177 0.494440 0.493914 -0.027015 0.869091 -0.000934
  1211 0.086200 0.098600 0.008900 0.053040 0.123990 -0.990865 -0.505112 0.859294 0.080477 0.861422 0.496230 0.108206 1.003167
  1212 0.086200 0.098600 0.008900 -0.505109 0.859301 0.080421 -0.053068 -0.123942 0.990869 0.861422 0.496230 0.108206 -0.006109
  1213 0.086200 0.098600 0.008900 0.053068 0.123942 -0.990869 -0.505109 0.859301 0.080421 0.861422 0.496230 0.108206 -0.003240
  1221 0.100300 0.066000 0.008200 0.070637 0.028804 -0.997086 -0.317769 0.948155 0.004940 0.945534 0.316494 0.076128 1.002211
  1222 0.100300 0.066000 0.008200 -0.317761 0.948159 0.004822 -0.070675 -0.028692 0.997087 0.945535 0.316494 0.076128 -0.005059
  1223 0.100300 0.066000 0.008200 0.070675 0.028692 -0.997087 -0.317761 0.948159 0.004822 0.945535 0.316494 0.076128 -0.002113
  1231 0.088700 0.075700 0.041200 0.345494 0.116430 -0.931170 -0.370376 0.928637 -0.021338 0.862235 0.352255 0.363961 1.003912
  1232 0.088700 0.075700 0.041200 0.345497 0.116421 -0.931170 -0.370373 0.928638 -0.021347 0.862235 0.352255 0.363961 -0.004187
  1233 0.088700 0.075700 0.041200 -0.370373 0.928638 -0.021347 -0.345497 -0.116421 0.931170 0.862235 0.352255 0.363961 -0.001973
  1241 0.069900 0.075800 0.070900 0.608342 0.235986 -0.757780 -0.428582 0.901282 -0.063316 0.668031 0.363288 0.649428 1.007102
  1242 0.069900 0.075800 0.070900 -0.428533 0.901301 -0.063377 -0.608377 -0.235913 0.757775 0.668031 0.363288 0.649428 -0.005476
  1243 0.069900 0.075800 0.070900 0.608377 0.235913 -0.757775 -0.428533 0.901301 -0.063377 0.668031 0.363288 0.649428 -0.000983
  1311 0.098900 0.040400 0.041300 0.336246 0.059599 -0.939886 -0.164948 0.986296 0.003467 0.927213 0.153867 0.341468 1.002443
  1312 0.098900 0.040400 0.041300 0.336263 0.059492 -0.939887 -0.164912 0.986303 0.003366 0.927213 0.153867 0.341468 -0.002232
  1313 0.098900 0.040400 0.041300 -0.164912 0.986303 0.003366 -0.336263 -0.059492 0.939887 0.927213 0.153867 0.341468 -0.001892
  1321 0.107400 0.032900 0.008100 0.065284 0.011766 -0.997797 -0.135311 0.990799 0.002832 0.988650 0.134828 0.066275 1.003230
  1322 0.107400 0.032900 0.008100 -0.135311 0.990799 0.002825 -0.065285 -0.011758 0.997797 0.988650 0.134828 0.066275 -0.002569
  1323 0.107400 0.032900 0.008100 0.065285 0.011758 -0.997797 -0.135311 0.990799 0.002825 0.988650 0.134828 0.066275 -0.001480
  1331 0.108300 -0.001100 0.006800 0.048555 -0.002134 -0.998818 0.058831 0.998268 0.000763 0.997086 -0.058799 0.048596 1.002862
  1332 0.108300 -0.001100 0.006800 0.058832 0.998268 0.000737 -0.048553 0.002160 0.998818 0.997086 -0.058799 0.048596 -0.004123
  1333 0.108300 -0.001100 0.006800 0.048553 -0.002160 -0.998818 0.058832 0.998268 0.000737 0.997086 -0.058799 0.048596 -0.000593
  1341 0.101000 0.004400 0.041000 0.342784 0.008385 -0.939377 0.040470 0.998901 0.023643 0.938542 -0.046121 0.342069 1.000870
  1342 0.101000 0.004400 0.041000 0.342781 0.008290 -0.939379 0.040502 0.998902 0.023553 0.938542 -0.046121 0.342069 -0.000396
  1343 0.101000 0.004400 0.041000 0.040502 0.998902 0.023553 -0.342781 -0.008290 0.939379 0.938542 -0.046121 0.342069 -0.000076
  1411 0.102000 0.063000 -0.026000 0.011102 0.010535 -0.999883 -0.256385 0.966547 0.007358 0.966511 0.256273 0.013431 0.996688
  1412 0.102000 0.063000 -0.026000 0.011088 0.010584 -0.999883 -0.256385 0.966546 0.007409 0.966511 0.256273 0.013431 -0.004938
  1413 0.102000 0.063000 -0.026000 -0.256385 0.966546 0.007409 -0.011088 -0.010584 0.999883 0.966511 0.256273 0.013431 -0.001852
  1421 0.106500 0.046900 -0.060000 0.038882 0.012999 -0.999159 -0.167290 0.985888 0.006307 0.985141 0.166904 0.040508 0.993435
  1422 0.106500 0.046900 -0.060000 -0.167291 0.985887 0.006339 -0.038876 -0.013030 0.999159 0.985141 0.166904 0.040508 -0.002265
  1423 0.106500 0.046900 -0.060000 0.038876 0.013030 -0.999159 -0.167291 0.985887 0.006339 0.985141 0.166904 0.040508 -0.000552
  1431 0.109800 0.013100 -0.062200 0.034913 0.004693 -0.999379 -0.005554 0.999975 0.004460 0.999375 0.005395 0.034938 0.996511
  1432 0.109800 0.013100 -0.062200 -0.005551 0.999975 0.004372 -0.034913 -0.004604 0.999380 0.999375 0.005395 0.034938 -0.004042
  1433 0.109800 0.013100 -0.062200 0.034913 0.004604 -0.999380 -0.005551 0.999975 0.004372 0.999375 0.005395 0.034938 0.000107
  1441 0.108300 0.030100 -0.026200 -0.003314 0.004806 -0.999983 -0.100295 0.994944 0.005184 0.994952 0.100311 -0.002814 0.998265
  1442 0.108300 0.030100 -0.026200 -0.003308 0.004750 -0.999983 -0.100295 0.994944 0.005128 0.994952 0.100311 -0.002814 -0.003026
  1443 0.108300 0.030100 -0.026200 -0.100295 0.994944 0.005128 0.003308 -0.004750 0.999983 0.994952 0.100311 -0.002814 -0.000548
  1511 -0.108800 -0.003200 -0.028400 0.013046 0.000209 -0.999915 0.089245 -0.996009 0.000900 -0.995924 -0.089250 -0.013013 0.998762
  1512 -0.108800 -0.003200 -0.028400 0.013051 0.000158 -0.999915 0.089245 -0.996009 0.000951 -0.995924 -0.089250 -0.013013 -0.002478
  1513 -0.108800 -0.003200 -0.028400 0.089245 -0.996009 0.000951 -0.013051 -0.000158 0.999915 -0.995924 -0.089250 -0.013013 -0.002426
  1521 -0.101700 -0.036000 -0.028100 0.024523 0.001720 -0.999698 0.346148 -0.938154 0.006919 -0.937859 -0.346212 -0.023602 0.999368
  1522 -0.101700 -0.036000 -0.028100 0.024601 0.001510 -0.999696 0.346143 -0.938155 0.007143 -0.937859 -0.346212 -0.023602 -0.001895
  1523 -0.101700 -0.036000 -0.028100 0.346143 -0.938155 0.007143 -0.024601 -0.001510 0.999696 -0.937859 -0.346212 -0.023602 -0.001781
  1531 -0.095100 -0.052400 -0.062300 -0.032408 -0.008394 -0.999440 0.449906 -0.893048 -0.007060 -0.892488 -0.449883 0.032719 0.999114
  1532 -0.095100 -0.052400 -0.062300 0.449911 -0.893047 -0.006902 0.032337 0.008535 0.999441 -0.892488 -0.449883 0.032719 -0.001837
  1533 -0.095100 -0.052400 -0.062300 -0.032337 -0.008535 -0.999441 0.449911 -0.893047 -0.006902 -0.892488 -0.449883 0.032719 -0.000639
  1541 -0.106800 -0.020500 -0.062500 -0.050842 -0.005413 -0.998692 0.186796 -0.982389 -0.004197 -0.981082 -0.186766 0.050958 0.998270
  1542 -0.106800 -0.020500 -0.062500 0.186805 -0.982389 -0.004012 0.050807 0.005595 0.998693 -0.981082 -0.186766 0.050958 -0.003876
  1543 -0.106800 -0.020500 -0.062500 -0.050807 -0.005595 -0.998693 0.186805 -0.982389 -0.004012 -0.981082 -0.186766 0.050958 -0.002797
  1611 -0.101700 -0.033900 0.005600 -0.067313 -0.031165 -0.997245 0.335436 -0.942038 0.006850 -0.939656 -0.334051 0.073866 1.001001
  1612 -0.101700 -0.033900 0.005600 0.335439 -0.942037 0.006893 0.067299 0.031205 0.997245 -0.939656 -0.334051 0.073866 -0.002607
  1613 -0.101700 -0.033900 0.005600 -0.067299 -0.031205 -0.997245 0.335439 -0.942037 0.006893 -0.939656 -0.334051 0.073866 -0.001235
  1621 -0.095200 -0.030800 0.039100 -0.317908 -0.055739 -0.946482 0.309030 -0.949852 -0.047772 -0.896355 -0.307678 0.319190 1.001182
  1622 -0.095200 -0.030800 0.039100 -0.317871 -0.055851 -0.946487 0.309067 -0.949845 -0.047660 -0.896355 -0.307678 0.319190 -0.001489
  1623 -0.095200 -0.030800 0.039100 0.309067 -0.949845 -0.047660 0.317871 0.055851 0.946487 -0.896355 -0.307678 0.319190 -0.001036
  1631 -0.078100 -0.062800 0.039400 -0.255036 -0.196322 -0.946792 0.597309 -0.801993 0.005371 -0.760375 -0.564157 0.321803 1.001549
  1632 -0.078100 -0.062800 0.039400 -0.255006 -0.196362 -0.946791 0.597322 -0.801984 0.005418 -0.760375 -0.564157 0.321803 -0.000856
  1633 -0.078100 -0.062800 0.039400 0.597322 -0.801984 0.005418 0.255006 0.196362 0.946791 -0.760375 -0.564157 0.321803 -0.001183
  1641 -0.086600 -0.064000 0.005500 -0.060792 -0.048441 -0.996974 0.570752 -0.821107 0.005040 -0.818867 -0.568718 0.077564 1.001890
  1642 -0.086600 -0.064000 0.005500 0.570310 -0.821414 0.005100 0.060699 0.048399 0.996982 -0.819182 -0.568279 0.077462 -0.001386
  1643 -0.086600 -0.064000 0.005500 -0.060699 -0.048399 -0.996982 0.570310 -0.821414 0.005100 -0.819182 -0.568279 0.077462 -0.000435
  1711 -0.075800 -0.079700 -0.062100 -0.010805 -0.024924 -0.999631 0.668145 -0.743945 0.011283 -0.743952 -0.667777 0.024691 1.000353
  1712 -0.075800 -0.079700 -0.062100 0.668147 -0.743941 0.011438 0.010701 0.025039 0.999629 -0.743952 -0.667777 0.024691 -0.002780
  1713 -0.075800 -0.079700 -0.062100 -0.010701 -0.025039 -0.999629 0.668147 -0.743941 0.011438 -0.743952 -0.667777 0.024691 -0.000929
  1721 -0.086100 -0.066000 -0.028200 0.022252 0.009131 -0.999711 0.573553 -0.819152 0.005280 -0.818866 -0.573504 -0.023464 0.999393
  1722 -0.086100 -0.066000 -0.028200 0.022305 0.009054 -0.999710 0.573551 -0.819153 0.005374 -0.818866 -0.573505 -0.023464 -0.000225
  1723 -0.086100 -0.066000 -0.028200 0.573551 -0.819153 0.005374 -0.022305 -0.009054 0.999710 -0.818866 -0.573505 -0.023464 -0.002321
  1731 -0.063200 -0.090500 -0.027800 0.023086 0.032982 -0.999189 0.808386 -0.588652 -0.000702 -0.588198 -0.807715 -0.040252 0.999842
  1732 -0.063200 -0.090500 -0.027800 0.022976 0.033062 -0.999189 0.808389 -0.588647 -0.000838 -0.588198 -0.807715 -0.040252 -0.001892
  1733 -0.063200 -0.090500 -0.027800 0.808389 -0.588647 -0.000838 -0.022976 -0.033062 0.999189 -0.588198 -0.807715 -0.040252 -0.003830
  1741 -0.048900 -0.099400 -0.062100 -0.014005 -0.019968 -0.999702 0.895628 -0.444790 -0.003655 -0.444584 -0.895413 0.024114 1.000686
  1742 -0.048900 -0.099400 -0.062100 0.895627 -0.444790 -0.003690 0.014036 0.019953 0.999702 -0.444584 -0.895413 0.024114 -0.002087
  1743 -0.048900 -0.099400 -0.062100 -0.014036 -0.019953 -0.999702 0.895627 -0.444790 -0.003690 -0.444584 -0.895413 0.024114 -0.000508
  1811 -0.078600 -0.028700 0.069600 -0.611130 -0.038310 -0.790603 0.249788 -0.957121 -0.146716 -0.751082 -0.287145 0.594495 1.002843
  1812 -0.078600 -0.028700 0.069600 0.249875 -0.957115 -0.146602 0.611094 0.038448 0.790624 -0.751081 -0.287145 0.594495 -0.000514
  1813 -0.078600 -0.028700 0.069600 -0.611094 -0.038448 -0.790624 0.249875 -0.957115 -0.146602 -0.751081 -0.287145 0.594495 0.001388
  1821 -0.051800 -0.027700 0.092700 -0.857411 0.026174 -0.513966 0.107559 -0.967493 -0.228885 -0.503249 -0.251530 0.826724 0.998765
  1822 -0.051800 -0.027700 0.092700 -0.857409 0.026151 -0.513971 0.107579 -0.967494 -0.228873 -0.503249 -0.251530 0.826724 -0.003034
  1823 -0.051800 -0.027700 0.092700 0.107579 -0.967494 -0.228873 0.857409 -0.026151 0.513971 -0.503249 -0.251530 0.826724 -0.001625
  1831 -0.018100 -0.054200 0.092300 0.070157 -0.843079 -0.533193 0.988141 -0.014421 0.152872 -0.136572 -0.537595 0.832069 0.994031
  1832 -0.018100 -0.054200 0.092300 0.070180 -0.843080 -0.533190 0.988139 -0.014401 0.152884 -0.136573 -0.537595 0.832069 -0.003780
  1833 -0.018100 -0.054200 0.092300 0.988139 -0.014401 0.152884 -0.070180 0.843080 0.533190 -0.136573 -0.537595 0.832069 -0.003715
  1841 -0.055200 -0.062700 0.070700 -0.381772 -0.496945 -0.779292 0.779641 -0.625989 0.017255 -0.496404 -0.600980 0.626423 1.002407
  1842 -0.055200 -0.062700 0.070700 0.779699 -0.625914 0.017373 0.381654 0.497040 0.779289 -0.496404 -0.600980 0.626423 0.000583
  1843 -0.055200 -0.062700 0.070700 -0.381654 -0.497040 -0.779289 0.779699 -0.625914 0.017373 -0.496404 -0.600980 0.626423 -0.000411
  1911 -0.051300 -0.086100 0.039700 -0.152707 -0.297850 -0.942319 0.881220 -0.472659 0.006630 -0.447370 -0.829378 0.334651 1.002555
  1912 -0.051300 -0.086100 0.039700 -0.152692 -0.297859 -0.942319 0.881223 -0.472654 0.006646 -0.447370 -0.829378 0.334651 -0.003434
  1913 -0.051300 -0.086100 0.039700 0.881223 -0.472654 0.006646 0.152692 0.297859 0.942319 -0.447370 -0.829378 0.334651 -0.002365
  1921 -0.033500 -0.103300 0.006200 -0.043608 -0.138563 -0.989393 0.960576 -0.277995 -0.003408 -0.274574 -0.950537 0.145222 1.001935
  1922 -0.033500 -0.103300 0.006200 0.960578 -0.277992 -0.003383 0.043584 0.138570 0.989393 -0.274574 -0.950537 0.145222 -0.000047
  1923 -0.033500 -0.103300 0.006200 -0.043584 -0.138570 -0.989393 0.960578 -0.277992 -0.003383 -0.274574 -0.950537 0.145222 0.000245
  1931 -0.033100 -0.105100 -0.027800 0.008291 0.023651 -0.999686 0.954235 -0.299056 0.000834 -0.298943 -0.953942 -0.025047 0.998819
  1932 -0.033100 -0.105100 -0.027800 0.008298 0.023649 -0.999686 0.954235 -0.299057 0.000842 -0.298943 -0.953942 -0.025047 -0.000341
  1933 -0.033100 -0.105100 -0.027800 0.954235 -0.299057 0.000842 -0.008298 -0.023649 0.999686 -0.298943 -0.953942 -0.025047 -0.000779
  1941 -0.063600 -0.088400 0.006000 -0.065350 -0.087657 -0.994005 0.809662 -0.586895 -0.001429 -0.583251 -0.804902 0.109326 1.002387
  1942 -0.063600 -0.088400 0.006000 0.809665 -0.586891 -0.001390 0.065317 0.087680 0.994005 -0.583251 -0.804901 0.109326 -0.000604
  1943 -0.063600 -0.088400 0.006000 -0.065317 -0.087680 -0.994005 0.809665 -0.586891 -0.001390 -0.583251 -0.804901 0.109326 0.000460
  2011 -0.018600 -0.080100 0.069000 -0.001086 -0.620654 -0.784084 0.992250 -0.098103 0.076267 -0.124257 -0.777924 0.615950 0.999488
  2012 -0.018600 -0.080100 0.069000 0.992250 -0.098077 0.076301 0.001044 0.620658 0.784081 -0.124257 -0.777924 0.615950 -0.001610
  2013 -0.018600 -0.080100 0.069000 -0.001044 -0.620658 -0.784081 0.992250 -0.098077 0.076301 -0.124257 -0.777924 0.615950 0.000049
  2021 0.018600 -0.080200 0.068900 0.000671 -0.621858 -0.783130 0.986857 0.126977 -0.099950 0.161595 -0.772771 0.613769 0.999070
  2022 0.018600 -0.080200 0.068900 0.986857 0.126927 -0.100012 -0.000592 0.621868 0.783122 0.161595 -0.772771 0.613769 -0.003519
  2023 0.018600 -0.080200 0.068900 0.000592 -0.621868 -0.783122 0.986857 0.126927 -0.100012 0.161595 -0.772771 0.613769 0.000054
  2031 0.016900 -0.097200 0.039700 -0.000420 -0.371126 -0.928583 0.990067 0.130400 -0.052559 0.140593 -0.919381 0.367385 1.001055
  2032 0.016900 -0.097200 0.039700 -0.000567 -0.371145 -0.928575 0.990067 0.130345 -0.052697 0.140593 -0.919381 0.367385 -0.003026
  2033 0.016900 -0.097200 0.039700 0.990067 0.130345 -0.052697 0.000567 0.371145 0.928575 0.140593 -0.919381 0.367385 -0.001615
  2041 -0.017000 -0.097200 0.039700 -0.000208 -0.372183 -0.928159 0.989869 -0.131845 0.052704 -0.141989 -0.918745 0.368440 1.000447
  2042 -0.017000 -0.097200 0.039700 -0.000249 -0.372178 -0.928162 0.989868 -0.131860 0.052665 -0.141989 -0.918745 0.368440 -0.002112
  2043 -0.017000 -0.097200 0.039700 0.989868 -0.131860 0.052665 0.000249 0.372178 0.928162 -0.141989 -0.918745 0.368440 -0.000607
  2111 0.000000 -0.108600 0.007000 -0.000137 -0.162577 -0.986696 0.999766 0.021328 -0.003666 0.021641 -0.986465 0.162536 1.000524
  2112 0.000000 -0.108600 0.007000 0.999766 0.021314 -0.003753 0.000225 0.162579 0.986696 0.021641 -0.986465 0.162536 -0.001950
  2113 0.000000 -0.108600 0.007000 -0.000225 -0.162579 -0.986696 0.999766 0.021314 -0.003753 0.021641 -0.986465 0.162536 0.000644
  2121 0.000000 -0.110600 -0.027500 -0.000017 0.037692 -0.999290 0.999958 0.009220 0.000347 0.009227 -0.999247 -0.037690 0.997412
  2122 0.000000 -0.110600 -0.027500 0.000013 0.037692 -0.999289 0.999958 0.009219 0.000377 0.009227 -0.999247 -0.037690 -0.002408
  2123 0.000000 -0.110600 -0.027500 0.999958 0.009219 0.000377 -0.000013 -0.037692 0.999289 0.009227 -0.999247 -0.037690 -0.004792
  2131 0.017000 -0.109800 -0.061800 0.010289 -0.017266 -0.999798 0.986951 0.160849 0.007443 0.160688 -0.986828 0.018696 0.998390
  2132 0.017000 -0.109800 -0.061800 0.986951 0.160849 0.007436 -0.010282 0.017267 0.999798 0.160688 -0.986828 0.018696 -0.001352
  2133 0.017000 -0.109800 -0.061800 0.010282 -0.017267 -0.999798 0.986951 0.160849 0.007436 0.160688 -0.986828 0.018696 0.000849
  2141 -0.017100 -0.109800 -0.061900 -0.007446 -0.018958 -0.999793 0.982224 -0.187675 -0.003720 -0.187566 -0.982048 0.020018 0.998460
  2142 -0.017100 -0.109800 -0.061900 0.982224 -0.187676 -0.003755 0.007480 0.018951 0.999792 -0.187566 -0.982048 0.020018 -0.002908
  2143 -0.017100 -0.109800 -0.061900 -0.007480 -0.018951 -0.999792 0.982224 -0.187676 -0.003755 -0.187566 -0.982048 0.020018 0.001263
  2211 0.051700 -0.027600 0.092800 0.858982 0.027574 -0.511262 0.108496 0.966069 0.234392 0.500378 -0.256808 0.826845 0.996797
  2212 0.051700 -0.027600 0.092800 0.859097 0.027458 -0.511075 0.108475 0.966106 0.234249 0.500185 -0.256681 0.827001 -0.001682
  2213 0.051700 -0.027600 0.092800 0.108475 0.966106 0.234249 -0.859097 -0.027458 0.511075 0.500185 -0.256681 0.827001 -0.001120
  2221 0.078600 -0.028400 0.069800 0.624692 -0.041693 -0.779757 0.224229 0.966089 0.128037 0.747977 -0.254828 0.612857 1.000795
  2222 0.078600 -0.028400 0.069800 0.224264 0.966087 0.127993 -0.624680 0.041748 0.779764 0.747976 -0.254828 0.612857 -0.005749
  2223 0.078600 -0.028400 0.069800 0.624680 -0.041748 -0.779764 0.224264 0.966087 0.127993 0.747976 -0.254828 0.612857 0.002116
  2231 0.055300 -0.062800 0.070600 0.380298 -0.496170 -0.780506 0.761884 0.646490 -0.039795 0.524334 -0.579520 0.623883 0.999753
  2232 0.055300 -0.062800 0.070600 0.761880 0.646495 -0.039787 -0.380306 0.496163 0.780506 0.524334 -0.579520 0.623883 -0.006347
  2233 0.055300 -0.062800 0.070600 0.380306 -0.496163 -0.780506 0.761880 0.646495 -0.039787 0.524334 -0.579520 0.623883 -0.004661
  2241 0.018200 -0.054200 0.092200 -0.069528 -0.842576 -0.534070 0.989041 0.011659 -0.147182 0.130239 -0.538451 0.832531 0.993724
  2242 0.018200 -0.054200 0.092200 -0.069591 -0.842577 -0.534061 0.989036 0.011606 -0.147216 0.130239 -0.538451 0.832531 -0.000870
  2243 0.018200 -0.054200 0.092200 0.989036 0.011606 -0.147216 0.069591 0.842577 0.534061 0.130239 -0.538451 0.832531 -0.003373
  2311 0.051300 -0.086100 0.039700 0.149166 -0.295081 -0.943757 0.880696 0.473599 -0.008910 0.449592 -0.829833 0.330521 1.002169
  2312 0.051300 -0.086100 0.039700 0.149014 -0.294844 -0.943855 0.880622 0.473734 -0.008987 0.449786 -0.829840 0.330238 -0.002000
  2313 0.051300 -0.086100 0.039700 0.880622 0.473734 -0.008987 -0.149014 0.294844 0.943855 0.449786 -0.829840 0.330238 -0.001169
  2321 0.063700 -0.088400 0.006200 0.054289 -0.068401 -0.996180 0.800336 0.599547 0.002502 0.597084 -0.797415 0.087292 1.002203
  2322 0.063700 -0.088400 0.006200 0.800339 0.599543 0.002449 -0.054247 0.068433 0.996180 0.597084 -0.797415 0.087292 -0.004229
  2323 0.063700 -0.088400 0.006200 0.054247 -0.068433 -0.996180 0.800339 0.599543 0.002449 0.597084 -0.797415 0.087292 0.000376
  2331 0.033000 -0.105100 -0.027700 -0.005113 0.023912 -0.999701 0.949470 0.313848 0.002638 0.313817 -0.949172 -0.024308 0.999076
  2332 0.033000 -0.105100 -0.027700 -0.005101 0.023915 -0.999701 0.949470 0.313848 0.002650 0.313817 -0.949172 -0.024308 -0.001118
  2333 0.033000 -0.105100 -0.027700 0.949470 0.313848 0.002650 0.005101 -0.023915 0.999701 0.313817 -0.949172 -0.024308 -0.000479
  2341 0.033300 -0.103400 0.006300 0.039321 -0.117073 -0.992344 0.948142 0.317846 0.000074 0.315405 -0.940887 0.123500 1.003155
  2342 0.033300 -0.103400 0.006300 0.948139 0.317856 0.000159 -0.039402 0.117046 0.992345 0.315405 -0.940887 0.123500 -0.004158
  2343 0.033300 -0.103400 0.006300 0.039402 -0.117046 -0.992345 0.948139 0.317856 0.000159 0.315405 -0.940887 0.123500 -0.000509
  2411 0.095200 -0.030600 0.039200 0.310874 -0.059066 -0.948614 0.308692 0.950233 0.042013 0.898923 -0.305891 0.313636 1.000636
  2412 0.095200 -0.030600 0.039200 0.310857 -0.059119 -0.948616 0.308710 0.950230 0.041961 0.898924 -0.305891 0.313636 -0.002976
  2413 0.095200 -0.030600 0.039200 0.308710 0.950230 0.041961 -0.310857 0.059119 0.948616 0.898924 -0.305891 0.313636 -0.001420
  2421 0.101700 -0.033800 0.005800 0.060004 -0.026244 -0.997853 0.314265 0.949316 -0.006042 0.947437 -0.313228 0.065210 1.001280
  2422 0.101700 -0.033800 0.005800 0.314268 0.949315 -0.006081 -0.059991 0.026281 0.997853 0.947437 -0.313228 0.065210 -0.003782
  2423 0.101700 -0.033800 0.005800 0.059991 -0.026281 -0.997853 0.314268 0.949315 -0.006081 0.947437 -0.313228 0.065210 -0.002141
  2431 0.086600 -0.063900 0.005600 0.054476 -0.040985 -0.997673 0.546519 0.837434 -0.004527 0.835672 -0.545001 0.068020 1.001759
  2432 0.086600 -0.063900 0.005600 0.546525 0.837430 -0.004638 -0.054415 0.041079 0.997673 0.835672 -0.545001 0.068020 -0.004550
  2433 0.086600 -0.063900 0.005600 0.054415 -0.041079 -0.997673 0.546525 0.837430 -0.004638 0.835672 -0.545001 0.068020 -0.000687
  2441 0.078100 -0.062900 0.039400 0.251731 -0.197700 -0.947389 0.594721 0.803874 -0.009657 0.763490 -0.561002 0.319937 1.002183
  2442 0.078100 -0.062900 0.039400 0.251703 -0.197738 -0.947389 0.594733 0.803865 -0.009701 0.763490 -0.561002 0.319937 -0.003517
  2443 0.078100 -0.062900 0.039400 0.594733 0.803865 -0.009701 -0.251703 0.197738 0.947389 0.763490 -0.561002 0.319937 -0.001436
  2511 0.063000 -0.090600 -0.027600 -0.020467 0.034259 -0.999203 0.794838 0.606805 0.004474 0.606475 -0.794114 -0.039651 0.998271
  2512 0.063000 -0.090600 -0.027600 -0.020399 0.034312 -0.999203 0.794840 0.606802 0.004560 0.606475 -0.794114 -0.039651 -0.002391
  2513 0.063000 -0.090600 -0.027600 0.794840 0.606802 0.004560 0.020399 -0.034312 0.999203 0.606475 -0.794114 -0.039651 -0.000323
  2521 0.086100 -0.066100 -0.028000 -0.023735 0.013428 -0.999628 0.563195 0.826321 -0.002303 0.825983 -0.563040 -0.027175 1.000152
  2522 0.086100 -0.066100 -0.028000 -0.023758 0.013394 -0.999628 0.563194 0.826321 -0.002345 0.825982 -0.563040 -0.027175 -0.003676
  2523 0.086100 -0.066100 -0.028000 0.563194 0.826321 -0.002345 0.023758 -0.013394 0.999628 0.825982 -0.563040 -0.027175 0.000454
  2531 0.075700 -0.079800 -0.062000 0.023763 -0.010038 -0.999667 0.700285 0.713799 0.009551 0.713466 -0.700279 0.023992 1.001137
  2532 0.075700 -0.079800 -0.062000 0.700286 0.713799 0.009531 -0.023750 0.010052 0.999667 0.713466 -0.700279 0.023992 -0.004878
  2533 0.075700 -0.079800 -0.062000 0.023750 -0.010052 -0.999667 0.700286 0.713799 0.009531 0.713466 -0.700279 0.023992 -0.000918
  2541 0.048800 -0.099400 -0.062100 0.016526 -0.018712 -0.999688 0.908147 0.418589 0.007252 0.418323 -0.907984 0.023911 0.999602
  2542 0.048800 -0.099400 -0.062100 0.908148 0.418588 0.007214 -0.016491 0.018728 0.999689 0.418323 -0.907984 0.023911 -0.001066
  2543 0.048800 -0.099400 -0.062100 0.016491 -0.018728 -0.999689 0.908148 0.418588 0.007214 0.418323 -0.907984 0.023911 -0.000269
  2611 0.108700 -0.003300 -0.028000 -0.017272 0.003103 -0.999846 0.072292 0.997382 0.001818 0.997234 -0.072250 -0.017451 1.000641
  2612 0.108700 -0.003300 -0.028000 -0.017269 0.003152 -0.999846 0.072293 0.997382 0.001867 0.997234 -0.072250 -0.017451 -0.008781
  2613 0.108700 -0.003300 -0.028000 0.072293 0.997382 0.001867 0.017269 -0.003152 0.999846 0.997234 -0.072250 -0.017451 -0.004224
  2621 0.106800 -0.020600 -0.062100 0.032940 0.000137 -0.999457 0.226036 0.974090 0.007563 0.973562 -0.226162 0.032055 0.996660
  2622 0.106800 -0.020600 -0.062100 0.226040 0.974090 0.007433 -0.032910 -0.000010 0.999458 0.973562 -0.226162 0.032055 -0.004553
  2623 0.106800 -0.020600 -0.062100 0.032910 0.000010 -0.999458 0.226040 0.974090 0.007433 0.973562 -0.226162 0.032055 -0.001051
  2631 0.095100 -0.052400 -0.062000 0.026727 -0.002889 -0.999638 0.482299 0.875946 0.010317 0.875600 -0.482400 0.024804 1.000664
  2632 0.095100 -0.052400 -0.062000 0.482301 0.875946 0.010219 -0.026679 0.002975 0.999640 0.875600 -0.482400 0.024804 -0.003243
  2633 0.095100 -0.052400 -0.062000 0.026679 -0.002975 -0.999640 0.482301 0.875946 0.010219 0.875600 -0.482400 0.024804 -0.000550
  2641 0.101700 -0.036100 -0.027800 -0.025893 0.004751 -0.999654 0.332780 0.942996 -0.004159 0.942649 -0.332771 -0.025999 0.999511
  2642 0.101700 -0.036100 -0.027800 -0.025924 0.004664 -0.999653 0.332777 0.942996 -0.004251 0.942649 -0.332771 -0.025999 -0.005550
  2643 0.101700 -0.036100 -0.027800 0.332777 0.942996 -0.004251 0.025924 -0.004664 0.999653 0.942649 -0.332771 -0.025999 -0.001083
